1.369139999999999964e+04
1.374650000000000000e+04
1.377839999999999964e+04
1.387430000000000109e+04
1.413500000000000000e+04
1.419000000000000000e+04
1.455870000000000073e+04
1.466939999999999964e+04
3.073260000000000218e+04
3.084910000000000218e+04
7.851410000000000582e+04
7.853980000000000291e+04
7.856100000000000000e+04
7.869510000000000582e+04
7.878700000000000000e+04
7.880410000000000582e+04
7.892510000000000582e+04
7.895600000000000000e+04
7.920230000000000291e+04
7.924650000000000000e+04
7.952769999999999709e+04
7.965090000000000873e+04
8.043850000000000000e+04
8.048719999999999709e+04
8.091660000000000582e+04
8.123710000000000582e+04
8.147560000000000582e+04
8.880969999999999709e+04
8.890290000000000873e+04
8.900619999999999709e+04
8.977160000000000582e+04
8.988710000000000582e+04
9.030840000000000873e+04
9.034430000000000291e+04
9.093340000000000873e+04
9.096280000000000291e+04
1.326947000000000116e+05
1.327111000000000058e+05
1.327440000000000000e+05
1.327987999999999884e+05
1.328587999999999884e+05
1.330010000000000000e+05
1.330340000000000000e+05
1.331166000000000058e+05
1.331782999999999884e+05
1.332612000000000116e+05
1.332791000000000058e+05
1.333716000000000058e+05
1.334103999999999942e+05
1.334251000000000058e+05
1.334501000000000058e+05
1.335813999999999942e+05
1.337768999999999942e+05
1.338033999999999942e+05
1.339037999999999884e+05
1.339700000000000000e+05
1.341962999999999884e+05
1.342992999999999884e+05
1.351818999999999942e+05
1.353267000000000116e+05
1.355263999999999942e+05
2.077805000000000000e+05
2.078588999999999942e+05
2.085626000000000058e+05
2.089798000000000175e+05
2.091218000000000175e+05
2.091823000000000175e+05
2.091952000000000116e+05
2.092083999999999942e+05
2.092977000000000116e+05
2.094416000000000058e+05
2.095853999999999942e+05
2.095946000000000058e+05
2.096042000000000116e+05
2.096918000000000175e+05
2.100211000000000058e+05
2.100313000000000175e+05
2.100435000000000000e+05
2.101402000000000116e+05
2.101917000000000116e+05
2.103605000000000000e+05
3.000265000000000000e+05
3.000497000000000116e+05
3.002832999999999884e+05
3.004549000000000233e+05
3.006315000000000000e+05
3.007690000000000000e+05
3.009635000000000000e+05
3.011231000000000349e+05
3.012092999999999884e+05
3.316957000000000116e+05
3.317297000000000116e+05
3.317815000000000000e+05
3.318160000000000000e+05
3.318417000000000116e+05
3.319701000000000349e+05
3.320564000000000233e+05
3.321455000000000000e+05
3.322954000000000233e+05
3.327776000000000349e+05
3.329170000000000000e+05
3.344870000000000000e+05
3.345032999999999884e+05
3.346035000000000000e+05
3.346956000000000349e+05
